// Auto-generated by simulations/generate_force_table_subdivided.py
// DO NOT EDIT — regenerate with: cd simulations && python generate_force_table_subdivided.py
//
// Subdivided design: 15.0mm square coil on 15.0mm grid
// Trace: 0.4mm width, 0.5278mm pitch
// Turns: 13 max, skipped [1, 5, 6, 10, 11], 8 surviving
// Magnet: 9.0mm dia, 1.5mm height, N42 (1.3T)
// Current: 1.0A (multiply by actual current at runtime)
// Resolution: 1.0mm
// Grid: -7.5mm to 7.5mm (16x16 per layer)
// Layer distances: [0.5, 0.75, 1.0, 1.25, 1.5] mm
//
// Indexing: force_table_subdivided_f{x,y,z}[layer][y_idx][x_idx]
// Index 0 = -7.5mm, index 8 = 0mm (center), index 15 = 7.5mm

#pragma once
#include <cstdint>

constexpr int FORCE_TABLE_SUBDIV_SIZE = 16;
constexpr float FORCE_TABLE_SUBDIV_RES_MM = 1.0f;
constexpr float FORCE_TABLE_SUBDIV_EXTENT_MM = 7.5f;
constexpr int FORCE_TABLE_SUBDIV_CENTER = 8;
constexpr int FORCE_TABLE_SUBDIV_NUM_LAYERS = 5;

constexpr float force_table_subdivided_fx[5][16][16] = {
  // Layer 0 (0.5mm)
  {
    {1.2356f, 2.1842f, 1.5415f, 2.1748f, 0.8752f, 0.2710f, -0.8030f, -0.3253f, 0.3253f, 0.8030f, -0.2710f, -0.8752f, -2.1748f, -1.5415f, -2.1842f, -1.2356f},
    {2.0518f, 3.3113f, 2.4337f, 4.0303f, 2.3879f, 1.7156f, 0.0980f, -0.0956f, 0.0956f, -0.0980f, -1.7156f, -2.3879f, -4.0303f, -2.4337f, -3.3113f, -2.0518f},
    {2.8514f, 4.7060f, 4.1651f, 5.4211f, 4.2870f, 3.1838f, 1.3960f, 0.4220f, -0.4220f, -1.3960f, -3.1838f, -4.2870f, -5.4211f, -4.1651f, -4.7060f, -2.8514f},
    {4.0569f, 5.8940f, 5.9319f, 7.0927f, 5.7318f, 5.2722f, 2.5001f, 1.0119f, -1.0119f, -2.5001f, -5.2722f, -5.7318f, -7.0927f, -5.9319f, -5.8940f, -4.0569f},
    {5.1037f, 8.0090f, 7.4158f, 8.9051f, 7.7647f, 6.4356f, 3.0879f, 1.2689f, -1.2689f, -3.0879f, -6.4356f, -7.7647f, -8.9051f, -7.4158f, -8.0090f, -5.1037f},
    {6.4997f, 9.4636f, 9.1143f, 10.1900f, 9.6344f, 7.5453f, 3.7828f, 1.3817f, -1.3817f, -3.7828f, -7.5453f, -9.6344f, -10.1900f, -9.1143f, -9.4636f, -6.4997f},
    {7.2960f, 11.0000f, 10.6473f, 11.9508f, 10.4251f, 8.1594f, 4.3671f, 0.7906f, -0.7906f, -4.3671f, -8.1594f, -10.4251f, -11.9508f, -10.6473f, -11.0000f, -7.2960f},
    {7.2995f, 12.0655f, 11.3465f, 12.7690f, 10.4335f, 8.4815f, 4.7135f, 1.4568f, -1.4568f, -4.7135f, -8.4815f, -10.4335f, -12.7690f, -11.3465f, -12.0655f, -7.2995f},
    {7.2995f, 12.0655f, 11.3465f, 12.7690f, 10.4335f, 8.4815f, 4.7135f, 1.4568f, -1.4568f, -4.7135f, -8.4815f, -10.4335f, -12.7690f, -11.3465f, -12.0655f, -7.2995f},
    {7.2960f, 11.0000f, 10.6473f, 11.9508f, 10.4251f, 8.1594f, 4.3671f, 0.7906f, -0.7906f, -4.3671f, -8.1594f, -10.4251f, -11.9508f, -10.6473f, -11.0000f, -7.2960f},
    {6.4997f, 9.4636f, 9.1143f, 10.1900f, 9.6344f, 7.5453f, 3.7828f, 1.3817f, -1.3817f, -3.7828f, -7.5453f, -9.6344f, -10.1900f, -9.1143f, -9.4636f, -6.4997f},
    {5.1037f, 8.0090f, 7.4158f, 8.9051f, 7.7647f, 6.4356f, 3.0879f, 1.2689f, -1.2689f, -3.0879f, -6.4356f, -7.7647f, -8.9051f, -7.4158f, -8.0090f, -5.1037f},
    {4.0569f, 5.8940f, 5.9319f, 7.0927f, 5.7318f, 5.2722f, 2.5001f, 1.0119f, -1.0119f, -2.5001f, -5.2722f, -5.7318f, -7.0927f, -5.9319f, -5.8940f, -4.0569f},
    {2.8514f, 4.7060f, 4.1651f, 5.4211f, 4.2870f, 3.1838f, 1.3960f, 0.4220f, -0.4220f, -1.3960f, -3.1838f, -4.2870f, -5.4211f, -4.1651f, -4.7060f, -2.8514f},
    {2.0518f, 3.3113f, 2.4337f, 4.0303f, 2.3879f, 1.7156f, 0.0980f, -0.0956f, 0.0956f, -0.0980f, -1.7156f, -2.3879f, -4.0303f, -2.4337f, -3.3113f, -2.0518f},
    {1.2356f, 2.1842f, 1.5415f, 2.1748f, 0.8752f, 0.2710f, -0.8030f, -0.3253f, 0.3253f, 0.8030f, -0.2710f, -0.8752f, -2.1748f, -1.5415f, -2.1842f, -1.2356f}
  },
  // Layer 1 (0.75mm)
  {
    {1.3752f, 1.8839f, 1.6299f, 1.8622f, 0.9585f, 0.3355f, -0.4184f, -0.2078f, 0.2078f, 0.4184f, -0.3355f, -0.9585f, -1.8622f, -1.6299f, -1.8839f, -1.3752f},
    {2.1769f, 2.9012f, 2.6063f, 3.3389f, 2.3048f, 1.5612f, 0.3573f, 0.0165f, -0.0165f, -0.3573f, -1.5612f, -2.3048f, -3.3389f, -2.6063f, -2.9012f, -2.1769f},
    {3.0037f, 4.1551f, 4.0932f, 4.7068f, 3.8889f, 2.9099f, 1.4288f, 0.4218f, -0.4218f, -1.4288f, -2.9099f, -3.8889f, -4.7068f, -4.0932f, -4.1551f, -3.0037f},
    {4.1131f, 5.3769f, 5.6543f, 6.2623f, 5.2972f, 4.5508f, 2.4515f, 0.8413f, -0.8413f, -2.4515f, -4.5508f, -5.2972f, -6.2623f, -5.6543f, -5.3769f, -4.1131f},
    {5.2026f, 7.0422f, 7.0740f, 7.8823f, 6.9876f, 5.6957f, 3.0887f, 1.0635f, -1.0635f, -3.0887f, -5.6957f, -6.9876f, -7.8823f, -7.0740f, -7.0422f, -5.2026f},
    {6.3430f, 8.3983f, 8.5869f, 9.2077f, 8.5110f, 6.6975f, 3.6277f, 1.1724f, -1.1724f, -3.6277f, -6.6975f, -8.5110f, -9.2077f, -8.5869f, -8.3983f, -6.3430f},
    {7.0696f, 9.6519f, 9.9279f, 10.5630f, 9.2738f, 7.2863f, 4.0458f, 0.9826f, -0.9826f, -4.0458f, -7.2863f, -9.2738f, -10.5630f, -9.9279f, -9.6519f, -7.0696f},
    {7.2180f, 10.4326f, 10.5958f, 11.2146f, 9.4864f, 7.5303f, 4.3380f, 1.3844f, -1.3844f, -4.3380f, -7.5303f, -9.4864f, -11.2146f, -10.5958f, -10.4326f, -7.2180f},
    {7.2180f, 10.4326f, 10.5958f, 11.2146f, 9.4864f, 7.5303f, 4.3380f, 1.3844f, -1.3844f, -4.3380f, -7.5303f, -9.4864f, -11.2146f, -10.5958f, -10.4326f, -7.2180f},
    {7.0696f, 9.6519f, 9.9279f, 10.5630f, 9.2738f, 7.2863f, 4.0458f, 0.9826f, -0.9826f, -4.0458f, -7.2863f, -9.2738f, -10.5630f, -9.9279f, -9.6519f, -7.0696f},
    {6.3430f, 8.3983f, 8.5869f, 9.2077f, 8.5110f, 6.6975f, 3.6277f, 1.1724f, -1.1724f, -3.6277f, -6.6975f, -8.5110f, -9.2077f, -8.5869f, -8.3983f, -6.3430f},
    {5.2026f, 7.0422f, 7.0740f, 7.8823f, 6.9876f, 5.6957f, 3.0887f, 1.0635f, -1.0635f, -3.0887f, -5.6957f, -6.9876f, -7.8823f, -7.0740f, -7.0422f, -5.2026f},
    {4.1131f, 5.3769f, 5.6543f, 6.2623f, 5.2972f, 4.5508f, 2.4515f, 0.8413f, -0.8413f, -2.4515f, -4.5508f, -5.2972f, -6.2623f, -5.6543f, -5.3769f, -4.1131f},
    {3.0037f, 4.1551f, 4.0932f, 4.7068f, 3.8889f, 2.9099f, 1.4288f, 0.4218f, -0.4218f, -1.4288f, -2.9099f, -3.8889f, -4.7068f, -4.0932f, -4.1551f, -3.0037f},
    {2.1769f, 2.9012f, 2.6063f, 3.3389f, 2.3048f, 1.5612f, 0.3573f, 0.0165f, -0.0165f, -0.3573f, -1.5612f, -2.3048f, -3.3389f, -2.6063f, -2.9012f, -2.1769f},
    {1.3752f, 1.8839f, 1.6299f, 1.8622f, 0.9585f, 0.3355f, -0.4184f, -0.2078f, 0.2078f, 0.4184f, -0.3355f, -0.9585f, -1.8622f, -1.6299f, -1.8839f, -1.3752f}
  },
  // Layer 2 (1.0mm)
  {
    {1.4068f, 1.7252f, 1.6463f, 1.6854f, 1.0205f, 0.4279f, -0.1522f, -0.1139f, 0.1139f, 0.1522f, -0.4279f, -1.0205f, -1.6854f, -1.6463f, -1.7252f, -1.4068f},
    {2.1783f, 2.6614f, 2.6282f, 2.9379f, 2.2190f, 1.4800f, 0.5187f, 0.0934f, -0.0934f, -0.5187f, -1.4800f, -2.2190f, -2.9379f, -2.6282f, -2.6614f, -2.1783f},
    {3.0031f, 3.7962f, 3.9418f, 4.2343f, 3.5956f, 2.6933f, 1.4245f, 0.4248f, -0.4248f, -1.4245f, -2.6933f, -3.5956f, -4.2343f, -3.9418f, -3.7962f, -3.0031f},
    {4.0211f, 4.9756f, 5.3407f, 5.6586f, 4.9226f, 4.0458f, 2.3266f, 0.7533f, -0.7533f, -2.3266f, -4.0458f, -4.9226f, -5.6586f, -5.3407f, -4.9756f, -4.0211f},
    {5.0613f, 6.3697f, 6.6742f, 7.1099f, 6.3708f, 5.1178f, 2.9542f, 0.9574f, -0.9574f, -2.9542f, -5.1178f, -6.3708f, -7.1099f, -6.6742f, -6.3697f, -5.0613f},
    {6.0405f, 7.5986f, 8.0205f, 8.3711f, 7.6514f, 6.0153f, 3.4256f, 1.0721f, -1.0721f, -3.4256f, -6.0153f, -7.6514f, -8.3711f, -8.0205f, -7.5986f, -6.0405f},
    {6.6973f, 8.6488f, 9.1802f, 9.4775f, 8.3820f, 6.5695f, 3.7740f, 1.0575f, -1.0575f, -3.7740f, -6.5695f, -8.3820f, -9.4775f, -9.1802f, -8.6488f, -6.6973f},
    {6.9107f, 9.2612f, 9.7881f, 10.0276f, 8.6700f, 6.7935f, 4.0167f, 1.3010f, -1.3010f, -4.0167f, -6.7935f, -8.6700f, -10.0276f, -9.7881f, -9.2612f, -6.9107f},
    {6.9107f, 9.2612f, 9.7881f, 10.0276f, 8.6700f, 6.7935f, 4.0167f, 1.3010f, -1.3010f, -4.0167f, -6.7935f, -8.6700f, -10.0276f, -9.7881f, -9.2612f, -6.9107f},
    {6.6973f, 8.6488f, 9.1802f, 9.4775f, 8.3820f, 6.5695f, 3.7740f, 1.0575f, -1.0575f, -3.7740f, -6.5695f, -8.3820f, -9.4775f, -9.1802f, -8.6488f, -6.6973f},
    {6.0405f, 7.5986f, 8.0205f, 8.3711f, 7.6514f, 6.0153f, 3.4256f, 1.0721f, -1.0721f, -3.4256f, -6.0153f, -7.6514f, -8.3711f, -8.0205f, -7.5986f, -6.0405f},
    {5.0613f, 6.3697f, 6.6742f, 7.1099f, 6.3708f, 5.1178f, 2.9542f, 0.9574f, -0.9574f, -2.9542f, -5.1178f, -6.3708f, -7.1099f, -6.6742f, -6.3697f, -5.0613f},
    {4.0211f, 4.9756f, 5.3407f, 5.6586f, 4.9226f, 4.0458f, 2.3266f, 0.7533f, -0.7533f, -2.3266f, -4.0458f, -4.9226f, -5.6586f, -5.3407f, -4.9756f, -4.0211f},
    {3.0031f, 3.7962f, 3.9418f, 4.2343f, 3.5956f, 2.6933f, 1.4245f, 0.4248f, -0.4248f, -1.4245f, -2.6933f, -3.5956f, -4.2343f, -3.9418f, -3.7962f, -3.0031f},
    {2.1783f, 2.6614f, 2.6282f, 2.9379f, 2.2190f, 1.4800f, 0.5187f, 0.0934f, -0.0934f, -0.5187f, -1.4800f, -2.2190f, -2.9379f, -2.6282f, -2.6614f, -2.1783f},
    {1.4068f, 1.7252f, 1.6463f, 1.6854f, 1.0205f, 0.4279f, -0.1522f, -0.1139f, 0.1139f, 0.1522f, -0.4279f, -1.0205f, -1.6854f, -1.6463f, -1.7252f, -1.4068f}
  },
  // Layer 3 (1.25mm)
  {
    {1.3878f, 1.6302f, 1.6230f, 1.5753f, 1.0579f, 0.5161f, 0.0322f, -0.0414f, 0.0414f, -0.0322f, -0.5161f, -1.0579f, -1.5753f, -1.6230f, -1.6302f, -1.3878f},
    {2.1215f, 2.5000f, 2.5693f, 2.6798f, 2.1263f, 1.4298f, 0.6171f, 0.1460f, -0.1460f, -0.6171f, -1.4298f, -2.1263f, -2.6798f, -2.5693f, -2.5000f, -2.1215f},
    {2.9234f, 3.5338f, 3.7501f, 3.8831f, 3.3488f, 2.5089f, 1.3939f, 0.4252f, -0.4252f, -1.3939f, -2.5089f, -3.3488f, -3.8831f, -3.7501f, -3.5338f, -2.9234f},
    {3.8575f, 4.6383f, 5.0140f, 5.1780f, 4.5737f, 3.6619f, 2.1755f, 0.7002f, -0.7002f, -2.1755f, -3.6619f, -4.5737f, -5.1780f, -5.0140f, -4.6383f, -3.8575f},
    {4.8148f, 5.8522f, 6.2490f, 6.4809f, 5.8386f, 4.6401f, 2.7658f, 0.8913f, -0.8913f, -2.7658f, -4.6401f, -5.8386f, -6.4809f, -6.2490f, -5.8522f, -4.8148f},
    {5.6792f, 6.9512f, 7.4476f, 7.6368f, 6.9406f, 5.4423f, 3.2023f, 1.0112f, -1.0112f, -3.2023f, -5.4423f, -6.9406f, -7.6368f, -7.4476f, -6.9512f, -5.6792f},
    {6.2717f, 7.8488f, 8.4487f, 8.5775f, 7.6290f, 5.9573f, 3.5180f, 1.0632f, -1.0632f, -3.5180f, -5.9573f, -7.6290f, -8.5775f, -8.4487f, -7.8488f, -6.2717f},
    {6.5072f, 8.3544f, 8.9882f, 9.0578f, 7.9327f, 6.1783f, 3.7208f, 1.2156f, -1.2156f, -3.7208f, -6.1783f, -7.9327f, -9.0578f, -8.9882f, -8.3544f, -6.5072f},
    {6.5072f, 8.3544f, 8.9882f, 9.0578f, 7.9327f, 6.1783f, 3.7208f, 1.2156f, -1.2156f, -3.7208f, -6.1783f, -7.9327f, -9.0578f, -8.9882f, -8.3544f, -6.5072f},
    {6.2717f, 7.8488f, 8.4487f, 8.5775f, 7.6290f, 5.9573f, 3.5180f, 1.0632f, -1.0632f, -3.5180f, -5.9573f, -7.6290f, -8.5775f, -8.4487f, -7.8488f, -6.2717f},
    {5.6792f, 6.9512f, 7.4476f, 7.6368f, 6.9406f, 5.4423f, 3.2023f, 1.0112f, -1.0112f, -3.2023f, -5.4423f, -6.9406f, -7.6368f, -7.4476f, -6.9512f, -5.6792f},
    {4.8148f, 5.8522f, 6.2490f, 6.4809f, 5.8386f, 4.6401f, 2.7658f, 0.8913f, -0.8913f, -2.7658f, -4.6401f, -5.8386f, -6.4809f, -6.2490f, -5.8522f, -4.8148f},
    {3.8575f, 4.6383f, 5.0140f, 5.1780f, 4.5737f, 3.6619f, 2.1755f, 0.7002f, -0.7002f, -2.1755f, -3.6619f, -4.5737f, -5.1780f, -5.0140f, -4.6383f, -3.8575f},
    {2.9234f, 3.5338f, 3.7501f, 3.8831f, 3.3488f, 2.5089f, 1.3939f, 0.4252f, -0.4252f, -1.3939f, -2.5089f, -3.3488f, -3.8831f, -3.7501f, -3.5338f, -2.9234f},
    {2.1215f, 2.5000f, 2.5693f, 2.6798f, 2.1263f, 1.4298f, 0.6171f, 0.1460f, -0.1460f, -0.6171f, -1.4298f, -2.1263f, -2.6798f, -2.5693f, -2.5000f, -2.1215f},
    {1.3878f, 1.6302f, 1.6230f, 1.5753f, 1.0579f, 0.5161f, 0.0322f, -0.0414f, 0.0414f, -0.0322f, -0.5161f, -1.0579f, -1.5753f, -1.6230f, -1.6302f, -1.3878f}
  },
  // Layer 4 (1.5mm)
  {
    {1.3505f, 1.5561f, 1.5797f, 1.4927f, 1.0720f, 0.5851f, 0.1603f, 0.0129f, -0.0129f, -0.1603f, -0.5851f, -1.0720f, -1.4927f, -1.5797f, -1.5561f, -1.3505f},
    {2.0435f, 2.3664f, 2.4725f, 2.4817f, 2.0265f, 1.3871f, 0.6751f, 0.1818f, -0.1818f, -0.6751f, -1.3871f, -2.0265f, -2.4817f, -2.4725f, -2.3664f, -2.0435f},
    {2.8087f, 3.3140f, 3.5430f, 3.5862f, 3.1190f, 2.3428f, 1.3458f, 0.4203f, -0.4203f, -1.3458f, -2.3428f, -3.1190f, -3.5862f, -3.5430f, -3.3140f, -2.8087f},
    {3.6671f, 4.3353f, 4.6893f, 4.7622f, 4.2360f, 3.3434f, 2.0251f, 0.6566f, -0.6566f, -2.0251f, -3.3434f, -4.2360f, -4.7622f, -4.6893f, -4.3353f, -3.6671f},
    {4.5390f, 5.4106f, 5.8210f, 5.9334f, 5.3517f, 4.2253f, 2.5685f, 0.8342f, -0.8342f, -2.5685f, -4.2253f, -5.3517f, -5.9334f, -5.8210f, -5.4106f, -4.5390f},
    {5.3092f, 6.3905f, 6.8894f, 6.9781f, 6.3147f, 4.9437f, 2.9744f, 0.9546f, -0.9546f, -2.9744f, -4.9437f, -6.3147f, -6.9781f, -6.8894f, -6.3905f, -5.3092f},
    {5.8449f, 7.1677f, 7.7584f, 7.7943f, 6.9509f, 5.4178f, 3.2636f, 1.0310f, -1.0310f, -3.2636f, -5.4178f, -6.9509f, -7.7943f, -7.7584f, -7.1677f, -5.8449f},
    {6.0819f, 7.5963f, 8.2318f, 8.2180f, 7.2491f, 5.6327f, 3.4371f, 1.1328f, -1.1328f, -3.4371f, -5.6327f, -7.2491f, -8.2180f, -8.2318f, -7.5963f, -6.0819f},
    {6.0819f, 7.5963f, 8.2318f, 8.2180f, 7.2491f, 5.6327f, 3.4371f, 1.1328f, -1.1328f, -3.4371f, -5.6327f, -7.2491f, -8.2180f, -8.2318f, -7.5963f, -6.0819f},
    {5.8449f, 7.1677f, 7.7584f, 7.7943f, 6.9509f, 5.4178f, 3.2636f, 1.0310f, -1.0310f, -3.2636f, -5.4178f, -6.9509f, -7.7943f, -7.7584f, -7.1677f, -5.8449f},
    {5.3092f, 6.3905f, 6.8894f, 6.9781f, 6.3147f, 4.9437f, 2.9744f, 0.9546f, -0.9546f, -2.9744f, -4.9437f, -6.3147f, -6.9781f, -6.8894f, -6.3905f, -5.3092f},
    {4.5390f, 5.4106f, 5.8210f, 5.9334f, 5.3517f, 4.2253f, 2.5685f, 0.8342f, -0.8342f, -2.5685f, -4.2253f, -5.3517f, -5.9334f, -5.8210f, -5.4106f, -4.5390f},
    {3.6671f, 4.3353f, 4.6893f, 4.7622f, 4.2360f, 3.3434f, 2.0251f, 0.6566f, -0.6566f, -2.0251f, -3.3434f, -4.2360f, -4.7622f, -4.6893f, -4.3353f, -3.6671f},
    {2.8087f, 3.3140f, 3.5430f, 3.5862f, 3.1190f, 2.3428f, 1.3458f, 0.4203f, -0.4203f, -1.3458f, -2.3428f, -3.1190f, -3.5862f, -3.5430f, -3.3140f, -2.8087f},
    {2.0435f, 2.3664f, 2.4725f, 2.4817f, 2.0265f, 1.3871f, 0.6751f, 0.1818f, -0.1818f, -0.6751f, -1.3871f, -2.0265f, -2.4817f, -2.4725f, -2.3664f, -2.0435f},
    {1.3505f, 1.5561f, 1.5797f, 1.4927f, 1.0720f, 0.5851f, 0.1603f, 0.0129f, -0.0129f, -0.1603f, -0.5851f, -1.0720f, -1.4927f, -1.5797f, -1.5561f, -1.3505f}
  }
};

constexpr float force_table_subdivided_fy[5][16][16] = {
  // Layer 0 (0.5mm)
  {
    {1.2356f, 2.0518f, 2.8514f, 4.0569f, 5.1037f, 6.4997f, 7.2960f, 7.2995f, 7.2995f, 7.2960f, 6.4997f, 5.1037f, 4.0569f, 2.8514f, 2.0518f, 1.2356f},
    {2.1842f, 3.3113f, 4.7060f, 5.8940f, 8.0090f, 9.4636f, 11.0000f, 12.0655f, 12.0655f, 11.0000f, 9.4636f, 8.0090f, 5.8940f, 4.7060f, 3.3113f, 2.1842f},
    {1.5415f, 2.4337f, 4.1651f, 5.9319f, 7.4158f, 9.1143f, 10.6473f, 11.3465f, 11.3465f, 10.6473f, 9.1143f, 7.4158f, 5.9319f, 4.1651f, 2.4337f, 1.5415f},
    {2.1748f, 4.0303f, 5.4211f, 7.0927f, 8.9051f, 10.1900f, 11.9508f, 12.7690f, 12.7690f, 11.9508f, 10.1900f, 8.9051f, 7.0927f, 5.4211f, 4.0303f, 2.1748f},
    {0.8752f, 2.3879f, 4.2870f, 5.7318f, 7.7647f, 9.6344f, 10.4251f, 10.4335f, 10.4335f, 10.4251f, 9.6344f, 7.7647f, 5.7318f, 4.2870f, 2.3879f, 0.8752f},
    {0.2710f, 1.7156f, 3.1838f, 5.2722f, 6.4356f, 7.5453f, 8.1594f, 8.4815f, 8.4815f, 8.1594f, 7.5453f, 6.4356f, 5.2722f, 3.1838f, 1.7156f, 0.2710f},
    {-0.8030f, 0.0980f, 1.3960f, 2.5001f, 3.0879f, 3.7828f, 4.3671f, 4.7135f, 4.7135f, 4.3671f, 3.7828f, 3.0879f, 2.5001f, 1.3960f, 0.0980f, -0.8030f},
    {-0.3253f, -0.0956f, 0.4220f, 1.0119f, 1.2689f, 1.3817f, 0.7906f, 1.4568f, 1.4568f, 0.7906f, 1.3817f, 1.2689f, 1.0119f, 0.4220f, -0.0956f, -0.3253f},
    {0.3253f, 0.0956f, -0.4220f, -1.0119f, -1.2689f, -1.3817f, -0.7906f, -1.4568f, -1.4568f, -0.7906f, -1.3817f, -1.2689f, -1.0119f, -0.4220f, 0.0956f, 0.3253f},
    {0.8030f, -0.0980f, -1.3960f, -2.5001f, -3.0879f, -3.7828f, -4.3671f, -4.7135f, -4.7135f, -4.3671f, -3.7828f, -3.0879f, -2.5001f, -1.3960f, -0.0980f, 0.8030f},
    {-0.2710f, -1.7156f, -3.1838f, -5.2722f, -6.4356f, -7.5453f, -8.1594f, -8.4815f, -8.4815f, -8.1594f, -7.5453f, -6.4356f, -5.2722f, -3.1838f, -1.7156f, -0.2710f},
    {-0.8752f, -2.3879f, -4.2870f, -5.7318f, -7.7647f, -9.6344f, -10.4251f, -10.4335f, -10.4335f, -10.4251f, -9.6344f, -7.7647f, -5.7318f, -4.2870f, -2.3879f, -0.8752f},
    {-2.1748f, -4.0303f, -5.4211f, -7.0927f, -8.9051f, -10.1900f, -11.9508f, -12.7690f, -12.7690f, -11.9508f, -10.1900f, -8.9051f, -7.0927f, -5.4211f, -4.0303f, -2.1748f},
    {-1.5415f, -2.4337f, -4.1651f, -5.9319f, -7.4158f, -9.1143f, -10.6473f, -11.3465f, -11.3465f, -10.6473f, -9.1143f, -7.4158f, -5.9319f, -4.1651f, -2.4337f, -1.5415f},
    {-2.1842f, -3.3113f, -4.7060f, -5.8940f, -8.0090f, -9.4636f, -11.0000f, -12.0655f, -12.0655f, -11.0000f, -9.4636f, -8.0090f, -5.8940f, -4.7060f, -3.3113f, -2.1842f},
    {-1.2356f, -2.0518f, -2.8514f, -4.0569f, -5.1037f, -6.4997f, -7.2960f, -7.2995f, -7.2995f, -7.2960f, -6.4997f, -5.1037f, -4.0569f, -2.8514f, -2.0518f, -1.2356f}
  },
  // Layer 1 (0.75mm)
  {
    {1.3752f, 2.1769f, 3.0037f, 4.1131f, 5.2026f, 6.3430f, 7.0696f, 7.2180f, 7.2180f, 7.0696f, 6.3430f, 5.2026f, 4.1131f, 3.0037f, 2.1769f, 1.3752f},
    {1.8839f, 2.9012f, 4.1551f, 5.3769f, 7.0422f, 8.3983f, 9.6519f, 10.4326f, 10.4326f, 9.6519f, 8.3983f, 7.0422f, 5.3769f, 4.1551f, 2.9012f, 1.8839f},
    {1.6299f, 2.6063f, 4.0932f, 5.6543f, 7.0740f, 8.5869f, 9.9279f, 10.5958f, 10.5958f, 9.9279f, 8.5869f, 7.0740f, 5.6543f, 4.0932f, 2.6063f, 1.6299f},
    {1.8622f, 3.3389f, 4.7068f, 6.2623f, 7.8823f, 9.2077f, 10.5630f, 11.2146f, 11.2146f, 10.5630f, 9.2077f, 7.8823f, 6.2623f, 4.7068f, 3.3389f, 1.8622f},
    {0.9585f, 2.3048f, 3.8889f, 5.2972f, 6.9876f, 8.5110f, 9.2738f, 9.4864f, 9.4864f, 9.2738f, 8.5110f, 6.9876f, 5.2972f, 3.8889f, 2.3048f, 0.9585f},
    {0.3355f, 1.5612f, 2.9099f, 4.5508f, 5.6957f, 6.6975f, 7.2863f, 7.5303f, 7.5303f, 7.2863f, 6.6975f, 5.6957f, 4.5508f, 2.9099f, 1.5612f, 0.3355f},
    {-0.4184f, 0.3573f, 1.4288f, 2.4515f, 3.0887f, 3.6277f, 4.0458f, 4.3380f, 4.3380f, 4.0458f, 3.6277f, 3.0887f, 2.4515f, 1.4288f, 0.3573f, -0.4184f},
    {-0.2078f, 0.0165f, 0.4218f, 0.8413f, 1.0635f, 1.1724f, 0.9826f, 1.3844f, 1.3844f, 0.9826f, 1.1724f, 1.0635f, 0.8413f, 0.4218f, 0.0165f, -0.2078f},
    {0.2078f, -0.0165f, -0.4218f, -0.8413f, -1.0635f, -1.1724f, -0.9826f, -1.3844f, -1.3844f, -0.9826f, -1.1724f, -1.0635f, -0.8413f, -0.4218f, -0.0165f, 0.2078f},
    {0.4184f, -0.3573f, -1.4288f, -2.4515f, -3.0887f, -3.6277f, -4.0458f, -4.3380f, -4.3380f, -4.0458f, -3.6277f, -3.0887f, -2.4515f, -1.4288f, -0.3573f, 0.4184f},
    {-0.3355f, -1.5612f, -2.9099f, -4.5508f, -5.6957f, -6.6975f, -7.2863f, -7.5303f, -7.5303f, -7.2863f, -6.6975f, -5.6957f, -4.5508f, -2.9099f, -1.5612f, -0.3355f},
    {-0.9585f, -2.3048f, -3.8889f, -5.2972f, -6.9876f, -8.5110f, -9.2738f, -9.4864f, -9.4864f, -9.2738f, -8.5110f, -6.9876f, -5.2972f, -3.8889f, -2.3048f, -0.9585f},
    {-1.8622f, -3.3389f, -4.7068f, -6.2623f, -7.8823f, -9.2077f, -10.5630f, -11.2146f, -11.2146f, -10.5630f, -9.2077f, -7.8823f, -6.2623f, -4.7068f, -3.3389f, -1.8622f},
    {-1.6299f, -2.6063f, -4.0932f, -5.6543f, -7.0740f, -8.5869f, -9.9279f, -10.5958f, -10.5958f, -9.9279f, -8.5869f, -7.0740f, -5.6543f, -4.0932f, -2.6063f, -1.6299f},
    {-1.8839f, -2.9012f, -4.1551f, -5.3769f, -7.0422f, -8.3983f, -9.6519f, -10.4326f, -10.4326f, -9.6519f, -8.3983f, -7.0422f, -5.3769f, -4.1551f, -2.9012f, -1.8839f},
    {-1.3752f, -2.1769f, -3.0037f, -4.1131f, -5.2026f, -6.3430f, -7.0696f, -7.2180f, -7.2180f, -7.0696f, -6.3430f, -5.2026f, -4.1131f, -3.0037f, -2.1769f, -1.3752f}
  },
  // Layer 2 (1.0mm)
  {
    {1.4068f, 2.1783f, 3.0031f, 4.0211f, 5.0613f, 6.0405f, 6.6973f, 6.9107f, 6.9107f, 6.6973f, 6.0405f, 5.0613f, 4.0211f, 3.0031f, 2.1783f, 1.4068f},
    {1.7252f, 2.6614f, 3.7962f, 4.9756f, 6.3697f, 7.5986f, 8.6488f, 9.2612f, 9.2612f, 8.6488f, 7.5986f, 6.3697f, 4.9756f, 3.7962f, 2.6614f, 1.7252f},
    {1.6463f, 2.6282f, 3.9418f, 5.3407f, 6.6742f, 8.0205f, 9.1802f, 9.7881f, 9.7881f, 9.1802f, 8.0205f, 6.6742f, 5.3407f, 3.9418f, 2.6282f, 1.6463f},
    {1.6854f, 2.9379f, 4.2343f, 5.6586f, 7.1099f, 8.3711f, 9.4775f, 10.0276f, 10.0276f, 9.4775f, 8.3711f, 7.1099f, 5.6586f, 4.2343f, 2.9379f, 1.6854f},
    {1.0205f, 2.2190f, 3.5956f, 4.9226f, 6.3708f, 7.6514f, 8.3820f, 8.6700f, 8.6700f, 8.3820f, 7.6514f, 6.3708f, 4.9226f, 3.5956f, 2.2190f, 1.0205f},
    {0.4279f, 1.4800f, 2.6933f, 4.0458f, 5.1178f, 6.0153f, 6.5695f, 6.7935f, 6.7935f, 6.5695f, 6.0153f, 5.1178f, 4.0458f, 2.6933f, 1.4800f, 0.4279f},
    {-0.1522f, 0.5187f, 1.4245f, 2.3266f, 2.9542f, 3.4256f, 3.7740f, 4.0167f, 4.0167f, 3.7740f, 3.4256f, 2.9542f, 2.3266f, 1.4245f, 0.5187f, -0.1522f},
    {-0.1139f, 0.0934f, 0.4248f, 0.7533f, 0.9574f, 1.0721f, 1.0575f, 1.3010f, 1.3010f, 1.0575f, 1.0721f, 0.9574f, 0.7533f, 0.4248f, 0.0934f, -0.1139f},
    {0.1139f, -0.0934f, -0.4248f, -0.7533f, -0.9574f, -1.0721f, -1.0575f, -1.3010f, -1.3010f, -1.0575f, -1.0721f, -0.9574f, -0.7533f, -0.4248f, -0.0934f, 0.1139f},
    {0.1522f, -0.5187f, -1.4245f, -2.3266f, -2.9542f, -3.4256f, -3.7740f, -4.0167f, -4.0167f, -3.7740f, -3.4256f, -2.9542f, -2.3266f, -1.4245f, -0.5187f, 0.1522f},
    {-0.4279f, -1.4800f, -2.6933f, -4.0458f, -5.1178f, -6.0153f, -6.5695f, -6.7935f, -6.7935f, -6.5695f, -6.0153f, -5.1178f, -4.0458f, -2.6933f, -1.4800f, -0.4279f},
    {-1.0205f, -2.2190f, -3.5956f, -4.9226f, -6.3708f, -7.6514f, -8.3820f, -8.6700f, -8.6700f, -8.3820f, -7.6514f, -6.3708f, -4.9226f, -3.5956f, -2.2190f, -1.0205f},
    {-1.6854f, -2.9379f, -4.2343f, -5.6586f, -7.1099f, -8.3711f, -9.4775f, -10.0276f, -10.0276f, -9.4775f, -8.3711f, -7.1099f, -5.6586f, -4.2343f, -2.9379f, -1.6854f},
    {-1.6463f, -2.6282f, -3.9418f, -5.3407f, -6.6742f, -8.0205f, -9.1802f, -9.7881f, -9.7881f, -9.1802f, -8.0205f, -6.6742f, -5.3407f, -3.9418f, -2.6282f, -1.6463f},
    {-1.7252f, -2.6614f, -3.7962f, -4.9756f, -6.3697f, -7.5986f, -8.6488f, -9.2612f, -9.2612f, -8.6488f, -7.5986f, -6.3697f, -4.9756f, -3.7962f, -2.6614f, -1.7252f},
    {-1.4068f, -2.1783f, -3.0031f, -4.0211f, -5.0613f, -6.0405f, -6.6973f, -6.9107f, -6.9107f, -6.6973f, -6.0405f, -5.0613f, -4.0211f, -3.0031f, -2.1783f, -1.4068f}
  },
  // Layer 3 (1.25mm)
  {
    {1.3878f, 2.1215f, 2.9234f, 3.8575f, 4.8148f, 5.6792f, 6.2717f, 6.5072f, 6.5072f, 6.2717f, 5.6792f, 4.8148f, 3.8575f, 2.9234f, 2.1215f, 1.3878f},
    {1.6302f, 2.5000f, 3.5338f, 4.6383f, 5.8522f, 6.9512f, 7.8488f, 8.3544f, 8.3544f, 7.8488f, 6.9512f, 5.8522f, 4.6383f, 3.5338f, 2.5000f, 1.6302f},
    {1.6230f, 2.5693f, 3.7501f, 5.0140f, 6.2490f, 7.4476f, 8.4487f, 8.9882f, 8.9882f, 8.4487f, 7.4476f, 6.2490f, 5.0140f, 3.7501f, 2.5693f, 1.6230f},
    {1.5753f, 2.6798f, 3.8831f, 5.1780f, 6.4809f, 7.6368f, 8.5775f, 9.0578f, 9.0578f, 8.5775f, 7.6368f, 6.4809f, 5.1780f, 3.8831f, 2.6798f, 1.5753f},
    {1.0579f, 2.1263f, 3.3488f, 4.5737f, 5.8386f, 6.9406f, 7.6290f, 7.9327f, 7.9327f, 7.6290f, 6.9406f, 5.8386f, 4.5737f, 3.3488f, 2.1263f, 1.0579f},
    {0.5161f, 1.4298f, 2.5089f, 3.6619f, 4.6401f, 5.4423f, 5.9573f, 6.1783f, 6.1783f, 5.9573f, 5.4423f, 4.6401f, 3.6619f, 2.5089f, 1.4298f, 0.5161f},
    {0.0322f, 0.6171f, 1.3939f, 2.1755f, 2.7658f, 3.2023f, 3.5180f, 3.7208f, 3.7208f, 3.5180f, 3.2023f, 2.7658f, 2.1755f, 1.3939f, 0.6171f, 0.0322f},
    {-0.0414f, 0.1460f, 0.4252f, 0.7002f, 0.8913f, 1.0112f, 1.0632f, 1.2156f, 1.2156f, 1.0632f, 1.0112f, 0.8913f, 0.7002f, 0.4252f, 0.1460f, -0.0414f},
    {0.0414f, -0.1460f, -0.4252f, -0.7002f, -0.8913f, -1.0112f, -1.0632f, -1.2156f, -1.2156f, -1.0632f, -1.0112f, -0.8913f, -0.7002f, -0.4252f, -0.1460f, 0.0414f},
    {-0.0322f, -0.6171f, -1.3939f, -2.1755f, -2.7658f, -3.2023f, -3.5180f, -3.7208f, -3.7208f, -3.5180f, -3.2023f, -2.7658f, -2.1755f, -1.3939f, -0.6171f, -0.0322f},
    {-0.5161f, -1.4298f, -2.5089f, -3.6619f, -4.6401f, -5.4423f, -5.9573f, -6.1783f, -6.1783f, -5.9573f, -5.4423f, -4.6401f, -3.6619f, -2.5089f, -1.4298f, -0.5161f},
    {-1.0579f, -2.1263f, -3.3488f, -4.5737f, -5.8386f, -6.9406f, -7.6290f, -7.9327f, -7.9327f, -7.6290f, -6.9406f, -5.8386f, -4.5737f, -3.3488f, -2.1263f, -1.0579f},
    {-1.5753f, -2.6798f, -3.8831f, -5.1780f, -6.4809f, -7.6368f, -8.5775f, -9.0578f, -9.0578f, -8.5775f, -7.6368f, -6.4809f, -5.1780f, -3.8831f, -2.6798f, -1.5753f},
    {-1.6230f, -2.5693f, -3.7501f, -5.0140f, -6.2490f, -7.4476f, -8.4487f, -8.9882f, -8.9882f, -8.4487f, -7.4476f, -6.2490f, -5.0140f, -3.7501f, -2.5693f, -1.6230f},
    {-1.6302f, -2.5000f, -3.5338f, -4.6383f, -5.8522f, -6.9512f, -7.8488f, -8.3544f, -8.3544f, -7.8488f, -6.9512f, -5.8522f, -4.6383f, -3.5338f, -2.5000f, -1.6302f},
    {-1.3878f, -2.1215f, -2.9234f, -3.8575f, -4.8148f, -5.6792f, -6.2717f, -6.5072f, -6.5072f, -6.2717f, -5.6792f, -4.8148f, -3.8575f, -2.9234f, -2.1215f, -1.3878f}
  },
  // Layer 4 (1.5mm)
  {
    {1.3505f, 2.0435f, 2.8087f, 3.6671f, 4.5390f, 5.3092f, 5.8449f, 6.0819f, 6.0819f, 5.8449f, 5.3092f, 4.5390f, 3.6671f, 2.8087f, 2.0435f, 1.3505f},
    {1.5561f, 2.3664f, 3.3140f, 4.3353f, 5.4106f, 6.3905f, 7.1677f, 7.5963f, 7.5963f, 7.1677f, 6.3905f, 5.4106f, 4.3353f, 3.3140f, 2.3664f, 1.5561f},
    {1.5797f, 2.4725f, 3.5430f, 4.6893f, 5.8210f, 6.8894f, 7.7584f, 8.2318f, 8.2318f, 7.7584f, 6.8894f, 5.8210f, 4.6893f, 3.5430f, 2.4725f, 1.5797f},
    {1.4927f, 2.4817f, 3.5862f, 4.7622f, 5.9334f, 6.9781f, 7.7943f, 8.2180f, 8.2180f, 7.7943f, 6.9781f, 5.9334f, 4.7622f, 3.5862f, 2.4817f, 1.4927f},
    {1.0720f, 2.0265f, 3.1190f, 4.2360f, 5.3517f, 6.3147f, 6.9509f, 7.2491f, 7.2491f, 6.9509f, 6.3147f, 5.3517f, 4.2360f, 3.1190f, 2.0265f, 1.0720f},
    {0.5851f, 1.3871f, 2.3428f, 3.3434f, 4.2253f, 4.9437f, 5.4178f, 5.6327f, 5.6327f, 5.4178f, 4.9437f, 4.2253f, 3.3434f, 2.3428f, 1.3871f, 0.5851f},
    {0.1603f, 0.6751f, 1.3458f, 2.0251f, 2.5685f, 2.9744f, 3.2636f, 3.4371f, 3.4371f, 3.2636f, 2.9744f, 2.5685f, 2.0251f, 1.3458f, 0.6751f, 0.1603f},
    {0.0129f, 0.1818f, 0.4203f, 0.6566f, 0.8342f, 0.9546f, 1.0310f, 1.1328f, 1.1328f, 1.0310f, 0.9546f, 0.8342f, 0.6566f, 0.4203f, 0.1818f, 0.0129f},
    {-0.0129f, -0.1818f, -0.4203f, -0.6566f, -0.8342f, -0.9546f, -1.0310f, -1.1328f, -1.1328f, -1.0310f, -0.9546f, -0.8342f, -0.6566f, -0.4203f, -0.1818f, -0.0129f},
    {-0.1603f, -0.6751f, -1.3458f, -2.0251f, -2.5685f, -2.9744f, -3.2636f, -3.4371f, -3.4371f, -3.2636f, -2.9744f, -2.5685f, -2.0251f, -1.3458f, -0.6751f, -0.1603f},
    {-0.5851f, -1.3871f, -2.3428f, -3.3434f, -4.2253f, -4.9437f, -5.4178f, -5.6327f, -5.6327f, -5.4178f, -4.9437f, -4.2253f, -3.3434f, -2.3428f, -1.3871f, -0.5851f},
    {-1.0720f, -2.0265f, -3.1190f, -4.2360f, -5.3517f, -6.3147f, -6.9509f, -7.2491f, -7.2491f, -6.9509f, -6.3147f, -5.3517f, -4.2360f, -3.1190f, -2.0265f, -1.0720f},
    {-1.4927f, -2.4817f, -3.5862f, -4.7622f, -5.9334f, -6.9781f, -7.7943f, -8.2180f, -8.2180f, -7.7943f, -6.9781f, -5.9334f, -4.7622f, -3.5862f, -2.4817f, -1.4927f},
    {-1.5797f, -2.4725f, -3.5430f, -4.6893f, -5.8210f, -6.8894f, -7.7584f, -8.2318f, -8.2318f, -7.7584f, -6.8894f, -5.8210f, -4.6893f, -3.5430f, -2.4725f, -1.5797f},
    {-1.5561f, -2.3664f, -3.3140f, -4.3353f, -5.4106f, -6.3905f, -7.1677f, -7.5963f, -7.5963f, -7.1677f, -6.3905f, -5.4106f, -4.3353f, -3.3140f, -2.3664f, -1.5561f},
    {-1.3505f, -2.0435f, -2.8087f, -3.6671f, -4.5390f, -5.3092f, -5.8449f, -6.0819f, -6.0819f, -5.8449f, -5.3092f, -4.5390f, -3.6671f, -2.8087f, -2.0435f, -1.3505f}
  }
};

constexpr float force_table_subdivided_fz[5][16][16] = {
  // Layer 0 (0.5mm)
  {
    {5.4655f, 4.1144f, 6.4112f, 2.9764f, 4.1338f, 3.6894f, 6.2625f, 7.3282f, 7.3282f, 6.2625f, 3.6894f, 4.1338f, 2.9764f, 6.4112f, 4.1144f, 5.4655f},
    {4.1144f, 0.4150f, 4.3871f, -0.6140f, 163.0655f, 161.4670f, 359.9560f, 324.6254f, 324.6254f, 359.9560f, 161.4670f, 163.0655f, -0.6140f, 4.3871f, 0.4150f, 4.1144f},
    {6.4112f, 4.3871f, 271.6260f, 251.6783f, 516.7970f, 246.9367f, 336.0005f, 244.0823f, 244.0823f, 336.0005f, 246.9367f, 516.7970f, 251.6783f, 271.6260f, 4.3871f, 6.4112f},
    {2.9764f, -0.6140f, 251.6783f, 5.4399f, 440.0136f, 85.8340f, 170.1135f, 501.3296f, 501.3296f, 170.1135f, 85.8340f, 440.0136f, 5.4399f, 251.6783f, -0.6140f, 2.9764f},
    {4.1338f, 163.0655f, 516.7970f, 440.0136f, 740.4548f, 461.8700f, 481.5881f, 746.6544f, 746.6544f, 481.5881f, 461.8700f, 740.4548f, 440.0136f, 516.7970f, 163.0655f, 4.1338f},
    {3.6894f, 161.4670f, 246.9367f, 85.8340f, 461.8700f, 346.2483f, 454.9482f, 882.7275f, 882.7275f, 454.9482f, 346.2483f, 461.8700f, 85.8340f, 246.9367f, 161.4670f, 3.6894f},
    {6.2625f, 359.9560f, 336.0005f, 170.1135f, 481.5881f, 454.9482f, 633.6130f, 1021.7758f, 1021.7758f, 633.6130f, 454.9482f, 481.5881f, 170.1135f, 336.0005f, 359.9560f, 6.2625f},
    {7.3282f, 324.6254f, 244.0823f, 501.3296f, 746.6544f, 882.7275f, 1021.7758f, 1729.0813f, 1729.0813f, 1021.7758f, 882.7275f, 746.6544f, 501.3296f, 244.0823f, 324.6254f, 7.3282f},
    {7.3282f, 324.6254f, 244.0823f, 501.3296f, 746.6544f, 882.7275f, 1021.7758f, 1729.0813f, 1729.0813f, 1021.7758f, 882.7275f, 746.6544f, 501.3296f, 244.0823f, 324.6254f, 7.3282f},
    {6.2625f, 359.9560f, 336.0005f, 170.1135f, 481.5881f, 454.9482f, 633.6130f, 1021.7758f, 1021.7758f, 633.6130f, 454.9482f, 481.5881f, 170.1135f, 336.0005f, 359.9560f, 6.2625f},
    {3.6894f, 161.4670f, 246.9367f, 85.8340f, 461.8700f, 346.2483f, 454.9482f, 882.7275f, 882.7275f, 454.9482f, 346.2483f, 461.8700f, 85.8340f, 246.9367f, 161.4670f, 3.6894f},
    {4.1338f, 163.0655f, 516.7970f, 440.0136f, 740.4548f, 461.8700f, 481.5881f, 746.6544f, 746.6544f, 481.5881f, 461.8700f, 740.4548f, 440.0136f, 516.7970f, 163.0655f, 4.1338f},
    {2.9764f, -0.6140f, 251.6783f, 5.4399f, 440.0136f, 85.8340f, 170.1135f, 501.3296f, 501.3296f, 170.1135f, 85.8340f, 440.0136f, 5.4399f, 251.6783f, -0.6140f, 2.9764f},
    {6.4112f, 4.3871f, 271.6260f, 251.6783f, 516.7970f, 246.9367f, 336.0005f, 244.0823f, 244.0823f, 336.0005f, 246.9367f, 516.7970f, 251.6783f, 271.6260f, 4.3871f, 6.4112f},
    {4.1144f, 0.4150f, 4.3871f, -0.6140f, 163.0655f, 161.4670f, 359.9560f, 324.6254f, 324.6254f, 359.9560f, 161.4670f, 163.0655f, -0.6140f, 4.3871f, 0.4150f, 4.1144f},
    {5.4655f, 4.1144f, 6.4112f, 2.9764f, 4.1338f, 3.6894f, 6.2625f, 7.3282f, 7.3282f, 6.2625f, 3.6894f, 4.1338f, 2.9764f, 6.4112f, 4.1144f, 5.4655f}
  },
  // Layer 1 (0.75mm)
  {
    {2.7090f, 2.0170f, 2.6734f, 1.3330f, 1.7535f, 1.8179f, 3.1977f, 4.0725f, 4.0725f, 3.1977f, 1.8179f, 1.7535f, 1.3330f, 2.6734f, 2.0170f, 2.7090f},
    {2.0170f, 0.6126f, 1.6099f, -0.3396f, 31.8077f, 31.1799f, 71.0634f, 64.4939f, 64.4939f, 71.0634f, 31.1799f, 31.8077f, -0.3396f, 1.6099f, 0.6126f, 2.0170f},
    {2.6734f, 1.6099f, 54.3307f, 49.4035f, 101.2298f, 46.6201f, 64.0547f, 45.8227f, 45.8227f, 64.0547f, 46.6201f, 101.2298f, 49.4035f, 54.3307f, 1.6099f, 2.6734f},
    {1.3330f, -0.3396f, 49.4035f, -1.6468f, 83.9965f, 11.9979f, 27.3649f, 93.4739f, 93.4739f, 27.3649f, 11.9979f, 83.9965f, -1.6468f, 49.4035f, -0.3396f, 1.3330f},
    {1.7535f, 31.8077f, 101.2298f, 83.9965f, 141.6391f, 84.6116f, 86.8278f, 139.9459f, 139.9459f, 86.8278f, 84.6116f, 141.6391f, 83.9965f, 101.2298f, 31.8077f, 1.7535f},
    {1.8179f, 31.1799f, 46.6201f, 11.9979f, 84.6116f, 59.0606f, 78.9896f, 164.4056f, 164.4056f, 78.9896f, 59.0606f, 84.6116f, 11.9979f, 46.6201f, 31.1799f, 1.8179f},
    {3.1977f, 71.0634f, 64.0547f, 27.3649f, 86.8278f, 78.9896f, 112.7380f, 190.6653f, 190.6653f, 112.7380f, 78.9896f, 86.8278f, 27.3649f, 64.0547f, 71.0634f, 3.1977f},
    {4.0725f, 64.4939f, 45.8227f, 93.4739f, 139.9459f, 164.4056f, 190.6653f, 331.2884f, 331.2884f, 190.6653f, 164.4056f, 139.9459f, 93.4739f, 45.8227f, 64.4939f, 4.0725f},
    {4.0725f, 64.4939f, 45.8227f, 93.4739f, 139.9459f, 164.4056f, 190.6653f, 331.2884f, 331.2884f, 190.6653f, 164.4056f, 139.9459f, 93.4739f, 45.8227f, 64.4939f, 4.0725f},
    {3.1977f, 71.0634f, 64.0547f, 27.3649f, 86.8278f, 78.9896f, 112.7380f, 190.6653f, 190.6653f, 112.7380f, 78.9896f, 86.8278f, 27.3649f, 64.0547f, 71.0634f, 3.1977f},
    {1.8179f, 31.1799f, 46.6201f, 11.9979f, 84.6116f, 59.0606f, 78.9896f, 164.4056f, 164.4056f, 78.9896f, 59.0606f, 84.6116f, 11.9979f, 46.6201f, 31.1799f, 1.8179f},
    {1.7535f, 31.8077f, 101.2298f, 83.9965f, 141.6391f, 84.6116f, 86.8278f, 139.9459f, 139.9459f, 86.8278f, 84.6116f, 141.6391f, 83.9965f, 101.2298f, 31.8077f, 1.7535f},
    {1.3330f, -0.3396f, 49.4035f, -1.6468f, 83.9965f, 11.9979f, 27.3649f, 93.4739f, 93.4739f, 27.3649f, 11.9979f, 83.9965f, -1.6468f, 49.4035f, -0.3396f, 1.3330f},
    {2.6734f, 1.6099f, 54.3307f, 49.4035f, 101.2298f, 46.6201f, 64.0547f, 45.8227f, 45.8227f, 64.0547f, 46.6201f, 101.2298f, 49.4035f, 54.3307f, 1.6099f, 2.6734f},
    {2.0170f, 0.6126f, 1.6099f, -0.3396f, 31.8077f, 31.1799f, 71.0634f, 64.4939f, 64.4939f, 71.0634f, 31.1799f, 31.8077f, -0.3396f, 1.6099f, 0.6126f, 2.0170f},
    {2.7090f, 2.0170f, 2.6734f, 1.3330f, 1.7535f, 1.8179f, 3.1977f, 4.0725f, 4.0725f, 3.1977f, 1.8179f, 1.7535f, 1.3330f, 2.6734f, 2.0170f, 2.7090f}
  },
  // Layer 2 (1.0mm)
  {
    {1.8388f, 1.4201f, 1.4926f, 0.8848f, 0.9717f, 1.1628f, 1.9963f, 2.6678f, 2.6678f, 1.9963f, 1.1628f, 0.9717f, 0.8848f, 1.4926f, 1.4201f, 1.8388f},
    {1.4201f, 0.7397f, 0.7204f, -0.2416f, -0.9292f, -1.2748f, -1.1059f, -0.6290f, -0.6290f, -1.1059f, -1.2748f, -0.9292f, -0.2416f, 0.7204f, 0.7397f, 1.4201f},
    {1.4926f, 0.7204f, -0.1591f, -1.2882f, -2.6253f, -3.4320f, -3.8943f, -3.8043f, -3.8043f, -3.8943f, -3.4320f, -2.6253f, -1.2882f, -0.1591f, 0.7204f, 1.4926f},
    {0.8848f, -0.2416f, -1.2882f, -3.2567f, -4.8440f, -6.2534f, -7.7729f, -8.0118f, -8.0118f, -7.7729f, -6.2534f, -4.8440f, -3.2567f, -1.2882f, -0.2416f, 0.8848f},
    {0.9717f, -0.9292f, -2.6253f, -4.8440f, -7.5413f, -9.2802f, -11.1080f, -11.2176f, -11.2176f, -11.1080f, -9.2802f, -7.5413f, -4.8440f, -2.6253f, -0.9292f, 0.9717f},
    {1.1628f, -1.2748f, -3.4320f, -6.2534f, -9.2802f, -12.0415f, -14.0163f, -14.3134f, -14.3134f, -14.0163f, -12.0415f, -9.2802f, -6.2534f, -3.4320f, -1.2748f, 1.1628f},
    {1.9963f, -1.1059f, -3.8943f, -7.7729f, -11.1080f, -14.0163f, -16.1661f, -16.1538f, -16.1538f, -16.1661f, -14.0163f, -11.1080f, -7.7729f, -3.8943f, -1.1059f, 1.9963f},
    {2.6678f, -0.6290f, -3.8043f, -8.0118f, -11.2176f, -14.3134f, -16.1538f, -17.0625f, -17.0625f, -16.1538f, -14.3134f, -11.2176f, -8.0118f, -3.8043f, -0.6290f, 2.6678f},
    {2.6678f, -0.6290f, -3.8043f, -8.0118f, -11.2176f, -14.3134f, -16.1538f, -17.0625f, -17.0625f, -16.1538f, -14.3134f, -11.2176f, -8.0118f, -3.8043f, -0.6290f, 2.6678f},
    {1.9963f, -1.1059f, -3.8943f, -7.7729f, -11.1080f, -14.0163f, -16.1661f, -16.1538f, -16.1538f, -16.1661f, -14.0163f, -11.1080f, -7.7729f, -3.8943f, -1.1059f, 1.9963f},
    {1.1628f, -1.2748f, -3.4320f, -6.2534f, -9.2802f, -12.0415f, -14.0163f, -14.3134f, -14.3134f, -14.0163f, -12.0415f, -9.2802f, -6.2534f, -3.4320f, -1.2748f, 1.1628f},
    {0.9717f, -0.9292f, -2.6253f, -4.8440f, -7.5413f, -9.2802f, -11.1080f, -11.2176f, -11.2176f, -11.1080f, -9.2802f, -7.5413f, -4.8440f, -2.6253f, -0.9292f, 0.9717f},
    {0.8848f, -0.2416f, -1.2882f, -3.2567f, -4.8440f, -6.2534f, -7.7729f, -8.0118f, -8.0118f, -7.7729f, -6.2534f, -4.8440f, -3.2567f, -1.2882f, -0.2416f, 0.8848f},
    {1.4926f, 0.7204f, -0.1591f, -1.2882f, -2.6253f, -3.4320f, -3.8943f, -3.8043f, -3.8043f, -3.8943f, -3.4320f, -2.6253f, -1.2882f, -0.1591f, 0.7204f, 1.4926f},
    {1.4201f, 0.7397f, 0.7204f, -0.2416f, -0.9292f, -1.2748f, -1.1059f, -0.6290f, -0.6290f, -1.1059f, -1.2748f, -0.9292f, -0.2416f, 0.7204f, 0.7397f, 1.4201f},
    {1.8388f, 1.4201f, 1.4926f, 0.8848f, 0.9717f, 1.1628f, 1.9963f, 2.6678f, 2.6678f, 1.9963f, 1.1628f, 0.9717f, 0.8848f, 1.4926f, 1.4201f, 1.8388f}
  },
  // Layer 3 (1.25mm)
  {
    {1.6312f, 1.3165f, 1.2246f, 0.8138f, 0.7628f, 0.9322f, 1.5019f, 1.9959f, 1.9959f, 1.5019f, 0.9322f, 0.7628f, 0.8138f, 1.2246f, 1.3165f, 1.6312f},
    {1.3165f, 0.7795f, 0.5069f, -0.2382f, -0.8647f, -1.1750f, -1.0832f, -0.7661f, -0.7661f, -1.0832f, -1.1750f, -0.8647f, -0.2382f, 0.5069f, 0.7795f, 1.3165f},
    {1.2246f, 0.5069f, -0.3371f, -1.4025f, -2.5634f, -3.3602f, -3.8081f, -3.8206f, -3.8206f, -3.8081f, -3.3602f, -2.5634f, -1.4025f, -0.3371f, 0.5069f, 1.2246f},
    {0.8138f, -0.2382f, -1.4025f, -3.0751f, -4.6185f, -5.9526f, -7.1269f, -7.4293f, -7.4293f, -7.1269f, -5.9526f, -4.6185f, -3.0751f, -1.4025f, -0.2382f, 0.8138f},
    {0.7628f, -0.8647f, -2.5634f, -4.6185f, -6.9258f, -8.6988f, -10.1835f, -10.5109f, -10.5109f, -10.1835f, -8.6988f, -6.9258f, -4.6185f, -2.5634f, -0.8647f, 0.7628f},
    {0.9322f, -1.1750f, -3.3602f, -5.9526f, -8.6988f, -11.1353f, -12.8028f, -13.2185f, -13.2185f, -12.8028f, -11.1353f, -8.6988f, -5.9526f, -3.3602f, -1.1750f, 0.9322f},
    {1.5019f, -1.0832f, -3.8081f, -7.1269f, -10.1835f, -12.8028f, -14.6084f, -14.9296f, -14.9296f, -14.6084f, -12.8028f, -10.1835f, -7.1269f, -3.8081f, -1.0832f, 1.5019f},
    {1.9959f, -0.7661f, -3.8206f, -7.4293f, -10.5109f, -13.2185f, -14.9296f, -15.7052f, -15.7052f, -14.9296f, -13.2185f, -10.5109f, -7.4293f, -3.8206f, -0.7661f, 1.9959f},
    {1.9959f, -0.7661f, -3.8206f, -7.4293f, -10.5109f, -13.2185f, -14.9296f, -15.7052f, -15.7052f, -14.9296f, -13.2185f, -10.5109f, -7.4293f, -3.8206f, -0.7661f, 1.9959f},
    {1.5019f, -1.0832f, -3.8081f, -7.1269f, -10.1835f, -12.8028f, -14.6084f, -14.9296f, -14.9296f, -14.6084f, -12.8028f, -10.1835f, -7.1269f, -3.8081f, -1.0832f, 1.5019f},
    {0.9322f, -1.1750f, -3.3602f, -5.9526f, -8.6988f, -11.1353f, -12.8028f, -13.2185f, -13.2185f, -12.8028f, -11.1353f, -8.6988f, -5.9526f, -3.3602f, -1.1750f, 0.9322f},
    {0.7628f, -0.8647f, -2.5634f, -4.6185f, -6.9258f, -8.6988f, -10.1835f, -10.5109f, -10.5109f, -10.1835f, -8.6988f, -6.9258f, -4.6185f, -2.5634f, -0.8647f, 0.7628f},
    {0.8138f, -0.2382f, -1.4025f, -3.0751f, -4.6185f, -5.9526f, -7.1269f, -7.4293f, -7.4293f, -7.1269f, -5.9526f, -4.6185f, -3.0751f, -1.4025f, -0.2382f, 0.8138f},
    {1.2246f, 0.5069f, -0.3371f, -1.4025f, -2.5634f, -3.3602f, -3.8081f, -3.8206f, -3.8206f, -3.8081f, -3.3602f, -2.5634f, -1.4025f, -0.3371f, 0.5069f, 1.2246f},
    {1.3165f, 0.7795f, 0.5069f, -0.2382f, -0.8647f, -1.1750f, -1.0832f, -0.7661f, -0.7661f, -1.0832f, -1.1750f, -0.8647f, -0.2382f, 0.5069f, 0.7795f, 1.3165f},
    {1.6312f, 1.3165f, 1.2246f, 0.8138f, 0.7628f, 0.9322f, 1.5019f, 1.9959f, 1.9959f, 1.5019f, 0.9322f, 0.7628f, 0.8138f, 1.2246f, 1.3165f, 1.6312f}
  },
  // Layer 4 (1.5mm)
  {
    {1.4676f, 1.2051f, 1.0346f, 0.7170f, 0.6058f, 0.7284f, 1.1219f, 1.4785f, 1.4785f, 1.1219f, 0.7284f, 0.6058f, 0.7170f, 1.0346f, 1.2051f, 1.4676f},
    {1.2051f, 0.7397f, 0.3545f, -0.2787f, -0.8492f, -1.1459f, -1.1201f, -0.9199f, -0.9199f, -1.1201f, -1.1459f, -0.8492f, -0.2787f, 0.3545f, 0.7397f, 1.2051f},
    {1.0346f, 0.3545f, -0.4581f, -1.4523f, -2.4856f, -3.2439f, -3.6770f, -3.7525f, -3.7525f, -3.6770f, -3.2439f, -2.4856f, -1.4523f, -0.4581f, 0.3545f, 1.0346f},
    {0.7170f, -0.2787f, -1.4523f, -2.9366f, -4.3852f, -5.6246f, -6.5950f, -6.9210f, -6.9210f, -6.5950f, -5.6246f, -4.3852f, -2.9366f, -1.4523f, -0.2787f, 0.7170f},
    {0.6058f, -0.8492f, -2.4856f, -4.3852f, -6.4194f, -8.1021f, -9.3705f, -9.7847f, -9.7847f, -9.3705f, -8.1021f, -6.4194f, -4.3852f, -2.4856f, -0.8492f, 0.6058f},
    {0.7284f, -1.1459f, -3.2439f, -5.6246f, -8.1021f, -10.2655f, -11.7260f, -12.2025f, -12.2025f, -11.7260f, -10.2655f, -8.1021f, -5.6246f, -3.2439f, -1.1459f, 0.7284f},
    {1.1219f, -1.1201f, -3.6770f, -6.5950f, -9.3705f, -11.7260f, -13.3126f, -13.7866f, -13.7866f, -13.3126f, -11.7260f, -9.3705f, -6.5950f, -3.6770f, -1.1201f, 1.1219f},
    {1.4785f, -0.9199f, -3.7525f, -6.9210f, -9.7847f, -12.2025f, -13.7866f, -14.4945f, -14.4945f, -13.7866f, -12.2025f, -9.7847f, -6.9210f, -3.7525f, -0.9199f, 1.4785f},
    {1.4785f, -0.9199f, -3.7525f, -6.9210f, -9.7847f, -12.2025f, -13.7866f, -14.4945f, -14.4945f, -13.7866f, -12.2025f, -9.7847f, -6.9210f, -3.7525f, -0.9199f, 1.4785f},
    {1.1219f, -1.1201f, -3.6770f, -6.5950f, -9.3705f, -11.7260f, -13.3126f, -13.7866f, -13.7866f, -13.3126f, -11.7260f, -9.3705f, -6.5950f, -3.6770f, -1.1201f, 1.1219f},
    {0.7284f, -1.1459f, -3.2439f, -5.6246f, -8.1021f, -10.2655f, -11.7260f, -12.2025f, -12.2025f, -11.7260f, -10.2655f, -8.1021f, -5.6246f, -3.2439f, -1.1459f, 0.7284f},
    {0.6058f, -0.8492f, -2.4856f, -4.3852f, -6.4194f, -8.1021f, -9.3705f, -9.7847f, -9.7847f, -9.3705f, -8.1021f, -6.4194f, -4.3852f, -2.4856f, -0.8492f, 0.6058f},
    {0.7170f, -0.2787f, -1.4523f, -2.9366f, -4.3852f, -5.6246f, -6.5950f, -6.9210f, -6.9210f, -6.5950f, -5.6246f, -4.3852f, -2.9366f, -1.4523f, -0.2787f, 0.7170f},
    {1.0346f, 0.3545f, -0.4581f, -1.4523f, -2.4856f, -3.2439f, -3.6770f, -3.7525f, -3.7525f, -3.6770f, -3.2439f, -2.4856f, -1.4523f, -0.4581f, 0.3545f, 1.0346f},
